157

88 18181888) 8181881888), ex crys. 85, 188888. 1, 8888188888
tolia) 187 137; of. tochrysu 209
88 8188018188) 139 88 8181018188) 85. 94. 121.137
88 diaspenis) 105 [88 18]818188188 881188118888) 81
nd 888818) 88088887) 89 8188618188) 5
88881(8888)[8]8(888881) 156 1 88 8888811688) 81 8188118188)
euodes 8888818888188 88(85818888188) 114

88 8888118ᾶί888) 135
18811888

18888 8(8) 8681118818) 121
88 118(811881888) 149

1181188(8) (118118. 189)
88 8188181888) 105
88 8181118808) 189

1188188
88 genas et 8181181188) 115

flos r(om) m(or1n1) 3ο (bu) lene (len. 53) 51· 53, 73 (118), 109.

1888 ,d h 126. 147. 119. 218
188 m θ p ⁰⁸ 88 88888 dolores 8881 impetum
1188118(81818) 218
8111098191). 88 88888 11881188188(8) 126
“d 8191111991) 40 88 18888188) 11[8]8(11881818)

1888(811888)
88 888811881888) 149

[8] 1888181) ’147
1888 herbidum 108
188(8) 1188188881)

ham. [001 1888888888]ι 80, ἅρμα, 8818818188) 118801ηά1818) 137
my 54 lene 8881811188 (881818. 145) 124.

’145
18888ςί88 (1188888. 90) 93 cs. penicillum 1888
nd 1188(11881888)90 1888 rapidum 108
1888 888888 108
⁵ os. 8815888888, cycnium, 818811888-
188, 81881888, 8188888888, 818·
laeum, 8818888, 8888318888

herbacium (818 78, herbaci. 142
arboc. 78 8888181.) 78. 142
88 claritatem) 78

¹⁸⁰⁰ 1⁰¹b¹d¹¹¹¹¹ ¹⁰⁸ lenem(entum) 88. 83. 142. 169. ‘214

ad impe(tum) 142. 214

88188(8188) 1088118888), ex
ovo 83

1888 1883188881)
8818888188) 118881881818) 137

88 88888118(88188) 169
cs. album
¹lenen1(entum) bon(um) 30
1888588888 5. 121, isochysum 150,118888(88188)1881(888) 108
1888111788. 94, 18881888. 114, 188111888881887) 161

 

